MOMO Title,Product Title,Similarity
【一朵花汽車百貨】Nissan 日產 March 11-19 專用中央扶手箱 伸縮 旋轉 Cd款,,
【一朵花汽車百貨】Toyota 豐田 Sienta 16-23年 專用中央扶手箱 接點煙器 快充 充電 E款,,
【一朵花汽車百貨】三菱 Veryca菱利 A180 A190 專用中央扶手箱 接點煙器 快充 充電 E款,,
【一朵花汽車百貨】Ford 福特 Fiesta 專用中央扶手箱 加高 Led 充電 Ab款,,
【一朵花汽車百貨】Mazda 馬自達 馬自達2 14-19年 專用中央扶手箱 接點煙器 快充 充電 E款,,
【一朵花汽車百貨】Volkswagen 福斯 Polo 專用中央扶手箱 接點煙器 快充 充電 E款,,
【一朵花汽車百貨】Mazda 馬自達 馬自達2 07-14年 專用中央扶手箱 加高 Led 充電 Cd款,,
【一朵花汽車百貨】Toyota 豐田 Yaris 專用中央扶手箱 接點煙器 快充 充電 E款,,
【一朵花汽車百貨】Nissan 日產 Livina 專用中央扶手箱 伸縮 旋轉 Cd款,,
【一朵花汽車百貨】Toyota 豐田 Yaris 專用中央扶手箱 加高 Led 充電 Ab款,,
【一朵花汽車百貨】Suzuki 鈴木 Sx4 專用中央扶手箱 接點煙器 快充 充電 E款,,
【一朵花汽車百貨】Ford 福特 Fiesta 專用中央扶手箱 伸縮 旋轉 Cd款,,
【一朵花汽車百貨】Toyota 豐田 Vios 專用中央扶手箱 接點煙器 快充 充電 E款 02-24年都可以用,,
【一朵花汽車百貨】Mazda 馬自達 Cx-3 16-22年 專用中央扶手箱 加高 Led 充電 Ab款,,
【升級版記憶棉】透氣皮革立體扶手箱(中央扶手靠墊),,
【一朵花汽車百貨】Mazda 馬自達 馬自達2 07-14年 專用中央扶手箱 加高 Led 充電 Ab款,,
【一朵花汽車百貨】Honda 本田 2-2.5代Fit 08-14年 專用中央扶手箱 加高 Led 充電 Ab款,,
【一朵花汽車百貨】Volkswagen 福斯 Polo 專用中央扶手箱 加高 Led 充電 Ab款,,
【一朵花汽車百貨】通用款扶手箱 中央扶手 扶手箱 收納箱 接點菸器 快充 充電 E款,,
【一朵花汽車百貨】Nissan 日產 Tiida 專用中央扶手箱 接點煙器 快充 充電 E款,,
【一朵花汽車百貨】Suzuki 鈴木 Ignis 17-22年 專用中央扶手箱 伸縮 旋轉 Cd款,,
【一朵花汽車百貨】Suzuki 鈴木 Jimny 19-21年 專用中央扶手箱 接點煙器 快充 充電 E款,,
【一朵花汽車百貨】Mazda 馬自達 Cx-3 16-22年 專用中央扶手箱 接點煙器 快充 充電 E款,,
【一朵花汽車百貨】Honda 本田 2-2.5代Fit 08-14年 專用中央扶手箱 接點煙器 快充 充電 E款,,
【Bonum 博紐】雙門號臨停薄型不檔視線面紙盒(號碼牌 中央扶手 高級車 2人 2個門號 號碼 手機 停車),,
【一朵花汽車百貨】Volkswagen 福斯 Golf6 專用中央扶手箱 加高 Led 充電 Ab款,,
【上手家居】皮革汽車扶手墊 增高墊(扶手套/汽車扶手箱/中央扶手箱),,
【一朵花汽車百貨】通用款扶手箱 中央扶手 扶手箱 收納箱 輕鬆Diy組裝 超簡單 扶手箱 手扶箱 Cd款,,
【一朵花汽車百貨】Toyota 豐田 Vios 專用中央扶手箱 加高 Led 充電 Ab款 02-24年都可以用,,
【一朵花汽車百貨】Nissan 日產 Kicks 專用中央扶手箱 接點煙器 快充 充電 E款,,
【一朵花汽車百貨】Mazda 馬自達 馬自達2 14-19年 專用中央扶手箱 加高 Led 充電 Cd款,,
【一朵花汽車百貨】Suzuki 鈴木 Ignis 17-22年 專用中央扶手箱 接點煙器 快充 充電 E款,,
【一朵花汽車百貨】扶手箱墊 扶手箱增高 人體工學設計 中央扶手箱墊 手扶箱墊 增高墊 記憶棉 汽車用品,,
【Anborteh 安伯特】中央扶手置物盒 椅縫 黑紅 Abt-A074R(車麗屋),,
【一朵花汽車百貨】Suzuki 鈴木 Sx4 專用中央扶手箱 加高 Led 充電 Ab款,,
【一朵花汽車百貨】Suzuki 鈴木 Jimny 19-21年 專用中央扶手箱 加高 Led 充電 Ab款,,
【一朵花汽車百貨】Nissan 日產 Tiida 專用中央扶手箱 加高 Led 充電 Ab款,,
【一朵花汽車百貨】Nissan 日產 March 11-19 專用中央扶手箱 接點煙器 快充 充電 E款,,
【一朵花汽車百貨】Mazda 馬自達 馬自達2 14-19年 專用中央扶手箱 加高 Led 充電 Ab款,,
【一朵花汽車百貨】Toyota 豐田 Sienta 16-23年 專用中央扶手箱 加高 Led 充電 Ab款,,
【一朵花汽車百貨】日產 March 03-11年 Verita 03-11年 專用中央扶手箱 接點煙器 快充 充電 E款,,
【一朵花汽車百貨】Mitsubishi 三菱 Colt Plus 專用中央扶手箱 接點煙器 快充 充電 E款,,
【一朵花汽車百貨】Suzuki 鈴木 Jimny 19-21年 專用中央扶手箱 伸縮 旋轉 Cd款,,
汽車皮革中央扶手墊(增高墊/汽車肘托/扶手靠墊),,
【一朵花汽車百貨】Toyota 豐田 Yaris 專用中央扶手箱 伸縮 旋轉 Cd款,,
【一朵花汽車百貨】Nissan 日產 Livina 專用中央扶手箱 接點煙器 快充 充電 E款,,
【一朵花汽車百貨】Toyota 豐田 Vios 專用中央扶手箱 伸縮 旋轉 Cd款 02-24年都可以用,,
【一朵花汽車百貨】Toyota 豐田 Sienta 16-23年 專用中央扶手箱 加高 Led 充電 Cd款,,
【Bonum 博紐】薄型不擋視線多功能面紙盒附臨停號碼(車用面紙盒 中央扶手 臨時停車 電話號碼牌 停車牌),,
【一朵花汽車百貨】Mazda 馬自達 馬自達2 07-14年 專用中央扶手箱 接點煙器 快充 充電 E款,,
【一朵花汽車百貨】Nissan 日產 March 11-19 專用中央扶手箱 加高 Led 充電 Ab款,,
【一朵花汽車百貨】Volkswagen 福斯 Golf6 專用中央扶手箱 接點煙器 快充 充電 E款,,
【一朵花汽車百貨】Honda 本田 2-2.5代Fit 08-14年 專用中央扶手箱 伸縮 旋轉 Cd款,,
【一朵花汽車百貨】Nissan 日產 Kicks 專用中央扶手箱 伸縮 旋轉 Cd款,,
【一朵花汽車百貨】Nissan 日產 Kicks 專用中央扶手箱 加高 Led 充電 Ab款,,
【一朵花汽車百貨】Suzuki 鈴木 Ignis 17-22年 專用中央扶手箱 加高 Led 充電 Ab款,,
【一朵花汽車百貨】Mazda 馬自達 Cx-3 16-22年 專用中央扶手箱 加高 Led 充電 Cd款,,
【一朵花汽車百貨】Suzuki 鈴木 Alto 專用中央扶手箱 加高 Led 充電 Ab款,,
【一朵花汽車百貨】Suzuki 鈴木 Swift 專用中央扶手箱 接點煙器 快充 充電 E款,,
【一朵花汽車百貨】Nissan 日產 Tiida 專用中央扶手箱 伸縮 旋轉 Cd款,,
【3D】中央扶手裝置袋+面紙盒套(Tesla/Toyota/ Mazda),,
【Bebehome】汽車扶手箱收納盒增高墊(車載扶手靠墊收納箱 車用中央扶手靠墊),,
【一朵花汽車百貨】Nissan 日產 Livina 專用中央扶手箱 加高 Led 充電 Ab款,,
【一朵花汽車百貨】Suzuki 鈴木 Swift 專用中央扶手箱 加高 Led 充電 Ab款,,
【一朵花汽車百貨】通用款扶手箱 中央扶手 扶手箱 收納箱 輕鬆Diy組裝 超簡單 扶手箱 手扶箱 Ab款,,
【一朵花汽車百貨】Volkswagen 福斯 Golf6 專用中央扶手箱 伸縮 旋轉 Cd款,,
【一朵花汽車百貨】Suzuki 鈴木 Swift 專用中央扶手箱 伸縮 旋轉 Cd款,,
【一朵花汽車百貨】Volkswagen 福斯 Polo 專用中央扶手箱 伸縮 旋轉 Cd款,,
【一朵花汽車百貨】Suzuki 鈴木 Alto 專用中央扶手箱 接點煙器 快充 充電 E款,,
【一朵花汽車百貨】Ford 福特 Fiesta 專用中央扶手箱 接點煙器 快充 充電 E款,,
【一朵花汽車百貨】Suzuki 鈴木 Sx4 專用中央扶手箱 伸縮 旋轉 Cd款,,
【一朵花汽車百貨】Suzuki 鈴木 Alto 專用中央扶手箱 伸縮 旋轉 Cd款,,
